11 “ merx

1111111111111111111111111, 1. 3, 9. ·
911111111111.11111111111111111 1119111111, G. 44, 4.

11111111111111 1111111111111111111, qui imperium 111 republica 1111111, 9.

1111111111 1111111111111111111111, 1. 1, 4. 59,1. 18,1.
ruerem 1111191111, 1. 19, 3,

'Paullus (1.), 9, 31, 1.

9111111111111111110318.

11111 appositione 11 nomen 11111 1111111111,9.59,1.
11191111115111111 111111111111111,9.59,1. , a

Pedites 1111111111 intelligendi 11 oppositione 1111111111, 1. 49, 5.
9111111· 11 pugna 1111111111111111111111111,1.11, 3.
19119111111111111111111111111111, 1. 195, 9.

1111111. 1.11111111,1.1911

1111111111111111111, (197, 1.

rom 111111 11111111, quo 111111 11 structura dietum 111, 9. 5,1.
Per 1111111111111111 re 1111 ablativo, l 39,1.
Ρ1111111111111111111, quo 111111111111111, 1. q. eirea, 1. 11, 1.
Per 11111 111111111111111111111111111111,9.99,9.1, 11, 95.

· 311111111111111111111911111111111111111111111.11,91. 91,19.

. 1111111111111111111111111111111111111111111.11,4. 959

Per 11 pro 11111111111111111111111111 111111111111111111, 9. 39,1.

111111111.11111111111111111111,Ι33,3.

Perorri. q. palem, 1. 31, 19.

Per restringendi vi, 1. 11, 3.

11111111111111111111111111111111111111111111111991.

111111111111111, C. 38, 3.

9111111111 1111111111111, 9. 19, 9.

9111111111111111 1111111111111111111111111111, 9. 19, 9 ’

Ροταιὶ111111111111111111111111111111,9.1,1.

Perdere quid 1111111111 emittere 1 31,17.

⁴ Ρ111111111111111111111111111111111111111111111,0.19, 5

Perennis 1111111111111111, 1. 89, 1.

Ριτ[111111111111111ιρ11[1111 1111111111, 0.,.191 51, 39. 51, 37, 1. 793

Perfectum 1111111111111111111111111111111,991,1.1191.911
99, 3. 31,.9 35,1.

Perfectum 1111111111 pro tempore 11111111· 11 11111111111 1111111111 pesi-
91111,.,9179.39,.51.199,9

[1111111111 911111111111, 9. 59,1.

Perfectum· 11 11111111111 relativa quemodo 11111111 e plusquamperfecto. l·
85, 39.

Ρ11[111111111111111111111111111111119119.19,1. 51,11. 111919
1. 71, 3. 199, 7. ι

Perfectum 191 1111111 vim 919111 nequeat, 1. 75, 5.

 

