,1111111111 ’ψ 11 ’
1111111, socordia 11111 11111111111111111111111 comesa -,

1111,,.11111111111 ugrum 1111111 1111111111,,111-, ·
01111111, 01011111111111111 11111111131111 sed 111111

1111111111 1111 1111111011 11111111, 111 pluo 1111111111. 91111 1111111111111
limogias 111111111111,11·1111 1111111 1131111111 1111111111 1111111111,
lem 11111 11111111131111111111111 11111111· 11111 11 1111111111 ’

11111113111111-81111111 111111111111111111111111110111100008101 ,
0111111 111111111111 111111111111,11111111111,.1111111111,1111 Ι

111311111111111111111111,11111111111 0111.Ι111111,,1.,,113.111,1ι ,

1111111,5.111311,11111 ’1,11 111. 11. 11 21. 1113111111 1111111111, ,

restituimus 111111, 0111111 1111111111 1111111,111111111111 111111, 1111
1111 1 1 1111,11111,1111111 mm 1111111111111- 111111· 11 111 ᾗ
[uim 1111011·Ι (1111111111, Ger. 1. 01111110111111 11. ..111 111111- ,
lenb. 11 1111. Lim. 11. 01111· 1111118111111111. 11111111 11111
l. 11 12-0111111111,11 111111 11111111111,1111111111 1111111111
1111111111,1111 11111,11311111111111113111,111,011.1111111121,
1146111 11111111 11111111111111111110111111111111.Ρ1111111,11,1,,10.“
10011011 qusque. 11 11 1111111111 ‹liem- ίᾱ,1,1,9. 1111111111-
teritur 11111 11111111, 1111111111111 ,1111 tumen 1111 11111
”tuperatione 111 11 ,1111111111 1111,111 1111111 11111111 1111111 1111111 · -
11111111111 11111111111111 1111111111.1111,1,11,11.31111 111 1111
1111111111111113131111111,11111111111111111111111111,11.]22,,0.·

1111311111 11111111 1111111111, 1011111811311. 1111 111, 111111111111111111 υ
trito 1111111111 113111111111111 01111111, 111 11111 1111111111 11111111, , .

111,1111ωῇ11111 , , .
1111111111 1111111,1111111111] 11111111· 11, 1111111111 1111111111 ³ ·
10111, 1111 1111111111 1111111111111, 1111111111 11111 1111111111
111111, 111 ut 1111111111111111111 13111 1311111 11111111 1111111111 ,
00 Isto 111111, 111111. 111. 111. ,1111111111111111 1111111111111111 -,
1111111111 11111111 1111 11111 111111111111111 1111111,11 11111111 . ’
11111111εωί111 1111111111 11111111 1111 gb 1311111111 11. 1111111111, ¹
11111111 11111 111111111111111111111111. Quod igitur 1111111111 1131111, .,
gemmatim 11111111 11131111 nitio 111 1111111111, 1111111111 intes .
1111111111, 1111111111, 11111111 111 euim 111111 1111. off. appositiv-
1111 11111111 111111311111, 1111111111 1111111111 gerundia, 1111111
11113111 absolute 1111111111 111 1111111111111111 1111111111 111111
Tacit. 13111, 12. 11111111 11111111 111, (11,1111111111111111111111) 111- ⁸
11111111 11111111 1111111111. id. 11111.11Ι,18. 1111111111 victoriae.
0111 111, 1, 11. 01111111 1111113111 1111111111111, gerundium
(111111 11111111) 111 differte 11111. 111. 1111111 (1311 11111111),111

 

