50 INDEX

0155150515151011111 51150515550055155115511, 1. 8011. .
Pro 0055051111 5511511115 voeabula 111110 habite, 1. 21, 2. ’
01551555551111 01051515 coloe, 1. 10, 8.
01550515511510015 01111551, 1. 51, 1.
0115101115 imperium 5115115, 1. 80, 2.
“ 00110555 51 05110515 50511155, 015, 2.
0015111111 5155, 1. 10, 0.
obtinere 1111101515 positum, 1. 17, 7. 80, 7. -
, 0101515515 1. q. 1155551151 1515100515, Ι. 07, 5.
0001111510 obviem, l. 21, 1. 10, 5.
0001051015 nen oeniungendeun 551 hyphen, 1. 70, 5.
05500555 15 0115115 re et 10 alione re, L 12, 5.
0550001115 51 occultos 50511115, 7. 00, 2.,
05505515 adverbii vi 55111001, 0. 18, 0. “
0550555510551111515 50511115, 1. 101, 10.
&mecetranorum eonion, 1. 101, 10.
0550511115 1. q. reniti, 01111515, 1. 85, e.
00111151. q. 151 qnae odium 51101151, 1. 23, 1.
Offensos et 11151505 eibi 55501115, 1. 73, 2.
officere reihandein, non 0115555, 0. 51, 2.
05155151. q. obesse, 1. 85,13.
00110515 quomodo 0175151511 0551111115, 1. 31, 17.
00110515 quomedo 01051515 dimittere, 1. 31, 17. 102, 14.
0551115 euno 5155015510 5051555155 germanion volet 1511151, 1.103, 1.
Omnia 51111 5115511111 1515101111 ι5155 555515 50111111, 0. 15, 1.
0111555, 5151115115 01011115111555011110115111011151111, 0. 30, 1. 1. 70,1. ¹
00101015 frequenter pronomini 1511505110 qnisquam 5111111111, 0. 51, 2.
, 01155515 5101515511 1111111551, Ι. 12, 1.
ornari 01511115 de largo eibi potusque 555, 1. 70, 0.
01511011505151551111. q. 5151111, 1.87,1.
055105555511 0115010111551115110151515551, 181, 3. 1
055105 51511001 511 5115 155111 01511111 5555550015 osii 81, 3.
0551 511555 coniunguntur, 1. 107,1.
, 055 sommo frequens 510 50105, 0. 38, 2. 1
05151101 (1.), 1. 10, 2. Ι
05105110515501515111, 0. 5212.
051551 01511551 1155 regimine interponitur, 0. 52, 20.
’ 0555111111οε1. q. 5150101111, 0. 40, 3.
· 0550510505101011051.20,2. 55, 3.
05501111οι15 pro 0115110 51 5051100050515, 1. 88, 1. “
0550501055 verborum 05 sententiarum 5051151110 5115551155, 0. 121 1
10, 5. 01, 2.

0550171101ἰο 511ιὲ1εὲ dicendi 1005151510115111551115115 existit, 0 30, 0. l

 

