' 1

” 41114144. 4114114111 141 Β ’

principes 4411141441οηὶ4 erant, 4414414, 114 1114344141,
magnis copiis, constituerant, 441, quum 0411114414
agrum 3444414444. 41141 exercitu venisset, Β. 344114 ·
tribunus plebis 44441444 habita 4441414441 114 ‚

111115. 41 nio 0444111111. 11411, 411 444411441411. 1111.
1441144441 14 (14444143144141414111141411444418144.

1134441] 143411 praesidibus 414114414111111 addebantur, 44 44-
1444441444444411144441411141, 1. 114114114Β. Β. V, 16. (11. 96.
4481144341.) 3411 prum 434411434144 44144144414114111441444
1111411441,411141444141 4111444 1141 1434444 111144 1114444144 44-
44444111, 01144. B. 0. 1, 144. 1111144444441441414 411 8444111
4434411 4144 114114414414341441, 014111 Ι14414. 4. 15, 36. 4414 14344-
141 1411111441 1141111114 41114 84441114 4414111141 44 44111414Δ 114, 44 4144
alio praeside· 11141 141144141144441 41 144 1141111144 ministrarent, 014.
44111411 44441. 4. 3, ⁵. 414114 11444 Μ44411441441-411441 11114
1414441111· 1434141 1441111141. 0441. -·· 11414114114111141 41114414.
13111. ’1.,1 4111. .

111111. δ. 1. 41 videbantur} 114 44114 441144141414 441111. ’
114441. 44 camel.. 141414 (14411. 8. 111. 344. 3. 44 1111114414 411.
41111-1444411 444414141- 4111444. 04411 mr 44111144 14411444, 1144 1
1144141114 111 4441441414,Ι 44411 14 14111144 444141444411144,111144
4414 41 4414144111 et 4111411 1444444141, 4111411 ,4141414444 4114411114

11444444, 11411114 adsumentum 1411114411 4141114 1411144 411 1111411041- .

4144414434 exemplum 014. 111411. 411 1141414. 11111, 4.,444114, 111 411111
1114111 4411111314* 4441414444414 4411. Nam. 04411441. 04411.
141141. 34111. l. Τ41.1. 341141. 2. 3., 444441 4444141414111111114.
Utrumque probum 411, 441 1444444 lectio 1414 11141441· 44111. qul
4441 tenent 4144114441441, tun 11414 4411441441 ,4444441 41444414
11114141, 414411 4144144141 41144144. 01414111. 411449. 11. 4. ’
113113. Sall. 143. 01, 11. 34141144 41141 peditibus 1144444144 1141114 ¹
1444111144. 014444. 41 Drakenborch. 411 1111. 11111, 66, 1. 1444
11111 411114 4114441 4114441144 4441144141 XXVI, 46, 8. 14 411414Ι
Mago 4441 omitum 41144114 1414341441.1141141144.411 141.
114444. 111, 1, 64. 314141. 411 Nep. 31144. 2, 2. 3444141. 411 1141. Sat.
1,1,3011411111411.4111,,1085. ·
441,444114 04111444 14 agrum Fuemlmn 4444 44114144 441
411441] 11444 0411144 41 44414441141144141411444 441114 paniculum
41 vocabulum 41414144 41144141,,1144 41141144444,04111141114 414141-

14444111 144 11141 potuerit 444 1144414441 444144111441411444- ¹

 

