75 1115511-

01111 1111111111 1111111111, 1111111111, 0. 55, 3. l. 58, a.
0111111111 1111111ιῆ111 1111111111, Ι. 33, 3.
01111111111111151151111111, 0. 13, 3.
01111111111111111111111, 1. 3,3.
011111111111511111111111111111111111111, 1111 33, 3. 33 5
, 0111111111111115111, l. 85, 15. e
01111111-111111111.11,3.

Quamuis 1111 151111111111151111111111111111111, 0. 33, 5.
0111111111111111111111111,1.153,3.

Quando 1111111111 1111111, l. 153, 3.

1111151 alquanto coninua, 1. 153, 3.

‘ 011151111111111111111 sententia, l. 31, 33. 85, 33.

51111111 pau quaudo, punt comparativum, 1. 85, 31.

011111 1111111 insolentiarum 5111111111, L 11, 35. ’

Quasi 1.» q. 11111111, 1111, l. 18, 3. 51, 1.

01111 uero ironiae 11111111, 0. 53, 15.

511111115111 excidit 1111 quae, 0. 3, 5. l. 37, 5. ,
01111.1ι.11111111111,0.3,5. 18, 5. l. 3, 3. 35, 1.
1111111111... 111511, 0. 1,3. 13, 3. l. 3, 3. 35, 5. 153, 5.
011111111111111151111111 5111111111111111, Ι. 53, 5. 75, 3.

“ 51111. q. etquidem, Ι. 73, 3.

Qua 11 disiunctionibus pro 11, 0. 8, 1. 11, 1.

5111. q. 111111, 1. 38, 1.

511 qua 1111111 variarum particularum labara pouit, 0. 1, 3.
5111111111111111111111151111111, 0. 15, 1. 57,1. l. 55, 1.
011111111111111111111111111111111, 1.35,3. 35, 5. 38, 3. 73, 3.
011- 1111111111 11 111111115111111111111, l. 13, 3. 155, 5.

511- 111511511111111111111111 11, 1, 81, 2. «

Oui interrogativum 1111515111111 5111111111 1 quia, 0. 11, 5.

01111111515111111111115, l. 85, 5. 153, 7. .
, 5111111 11151111111111, l. 15, 3.

Quia 1111 1111111111111111111,Ι. 982⁶·

51111111111,1111111 l. 115, 3.
0111111111111511111111110.5,1.

,0111111111 1111111115 1111115111111111111511, 0. 53, 5.
Quicunque 11 quisque confusa, 0. 33, 5. ⁸
,011511111111111111111 1111111111111, l. 51, 5.

01115111 1111111111111111111, 0. 51, 3.

0111111111111111 11511111 diulus sit, 0. 15, 1.
1111111111111111111111, c. 1, 1. -
511111115111111111 1111115111111111111111111, 0. 35, 11.
v Quippe qui aum¹ 1151111111 et 11111115111111111111111, 0. 18, 3.
0111111 11 1151111111, Ι. 1, 5.

 

· 0111151111 ablativus 11151 descendat, 0. 51, 31.

